-d 20170116 -2 20170122
-d 20170117 -2 20170123
-d 20170118 -2 20170124
-d 20170119 -2 20170125
-d 20170120 -2 20170126
-d 20170121 -2 20170127
-d 20170122 -2 20170128
-d 20170123 -2 20170129
-d 20170124 -2 20170130
-d 20170125 -2 20170131
-d 20170126 -2 20170201
-d 20170127 -2 20170202
-d 20170128 -2 20170203
-d 20170129 -2 20170204
-d 20170130 -2 20170205
-d 20170131 -2 20170206
-d 20170201 -2 20170207
-d 20170202 -2 20170208
-d 20170203 -2 20170209
-d 20170204 -2 20170210
-d 20170205 -2 20170211
-d 20170206 -2 20170212
-d 20170207 -2 20170213
-d 20170208 -2 20170214
-d 20170209 -2 20170215
-d 20170210 -2 20170216
-d 20170211 -2 20170217
-d 20170212 -2 20170218
-d 20170213 -2 20170219
-d 20170214 -2 20170220
-d 20170215 -2 20170221
-d 20170216 -2 20170222
-d 20170217 -2 20170223
-d 20170218 -2 20170224
-d 20170219 -2 20170225
-d 20170220 -2 20170226
-d 20170221 -2 20170227
-d 20170222 -2 20170228
-d 20170223 -2 20170301
-d 20170224 -2 20170302
-d 20170225 -2 20170303
-d 20170226 -2 20170304
-d 20170227 -2 20170305
-d 20170228 -2 20170306
-d 20170301 -2 20170307
-d 20170302 -2 20170308
-d 20170303 -2 20170309
-d 20170304 -2 20170310
-d 20170305 -2 20170311
-d 20170306 -2 20170312
-d 20170307 -2 20170313
-d 20170308 -2 20170314
-d 20170309 -2 20170315
-d 20170310 -2 20170316
-d 20170311 -2 20170317
-d 20170312 -2 20170318
-d 20170313 -2 20170319
-d 20170314 -2 20170320
-d 20170315 -2 20170321
-d 20170316 -2 20170322
-d 20170317 -2 20170323
-d 20170318 -2 20170324
-d 20170319 -2 20170325
-d 20170320 -2 20170326
-d 20170321 -2 20170327
-d 20170322 -2 20170328
-d 20170323 -2 20170329
